M: 	 1.99e+41
Mdot: 	 5.00e-01
a: 	 0.00e+00
rho_shielding: 	 2.000000e+08
r_in: 	 200.000000
r_out: 	 1600.000000
f_uv: 	 0.850000
f_x: 	 0.150000
